Topic #1
appalachian : 0.08905109813173187
trail : 0.08407772804668635
the : 0.043406325887461975
hike : 0.04017821491912439
a : 0.017182343217174552

Topic #2
 : 0.14597315878734315
trail : 0.08726532160530583
appalachian : 0.05414368172360017
rt : 0.04620026375685394
hiking : 0.036915544773859985

Topic #3
appalachian : 0.0387692213641328
trail : 0.03030208093820369
#hiking : 0.016948661979193598
way : 0.011981633114368966
what : 0.010631430650640277

Topic #4
appalachian : 0.0672698201408675
trail : 0.06228399286682088
i : 0.05511727558865662
amp : 0.023126351759937807
video : 0.014839622264822742

Topic #5
#appalachiantrail : 0.041912290895727684
at : 0.018861152831737258
@atconservancy : 0.01486952153067998
thanks : 0.011409269534056013
great : 0.010599282609944471

