Topic #1
time : 0.010282912079300708
#travel : 0.010058330058970352
national : 0.00891142602555224
#appalachiantrail : 0.0075065666081735455
trail : 0.007378523187108617

Topic #2
appalachian : 0.0851139023575609
trail : 0.08076240903413096
mark : 0.015476181849218767
trumps : 0.014085733688900228
sanford : 0.013778547340058726

Topic #3
#appalachiantrail : 0.044702026375928364
@atconservancy : 0.01519014181996821
#at2017 : 0.013599224058539193
thanks : 0.012138887934171706
im : 0.010811880727439667

Topic #4
trail : 0.12339207963249128
appalachian : 0.07879051602123917
hiking : 0.043500796268305504
amp : 0.026928398468187682
new : 0.01831871131571059

Topic #5
appalachian : 0.11183929613547294
trail : 0.08860392346429025
hike : 0.05250785209160774
#hiking : 0.01879167016807965
video : 0.016204509869943883

