Topic #1
@cdnst1 : 0.054593792383466046
rt : 0.032156060389847814
the : 0.027485184425461707
@jonathonstalls : 0.02120883910645339
campaign : 0.0131704667686438

Topic #2
#cdt : 0.04551270213803476
thanks : 0.04243041404054993
#hikecdt : 0.04209132440816127
great : 0.0289906480845249
follow : 0.021462619709516673

Topic #3
trail : 0.08929802902912806
divide : 0.06408394837025269
continental : 0.06113183575282954
help : 0.0528915334208953
new : 0.03284942909591311

Topic #4
 : 0.051157986975225445
you : 0.016346197072754684
hike : 0.014839163637196139
we : 0.012965497288533974
like : 0.01060123427988312

Topic #5
 : 0.09983436704557094
cdt : 0.02695550237949347
national : 0.0237595689565802
day : 0.014070957397529723
cdnst : 0.01356205621042659

