Topic #1
gunman : 0.04458633716510998
elementary : 0.04389923974764434
shooter : 0.04120120763637085
woman : 0.036862424620906484
brave : 0.024247875118693498

Topic #2
suspect : 0.12979074579818206
500 : 0.0932346482923348
rounds : 0.09192988306795305
police : 0.05871752652063885
ammunition : 0.0574392578636303

Topic #3
911 : 0.11859923783748275
tuff : 0.10472509513109717
antoinette : 0.10452556609414955
hero : 0.06764825921656413
talked : 0.057365830551680916

Topic #4
calm : 0.03556323471831309
ga : 0.024919551136386213
man : 0.024268737344356927
hill : 0.020845927508287915
brother : 0.020804302192211292

Topic #5
listen : 0.08806441020197957
911 : 0.054489705223924295
bookkeeper : 0.044611781180535895
decatur : 0.03615721511490313
high : 0.03257683962681458

