Topic #1
teacher : 0.07582545774687241
middle : 0.07503076864336213
killed : 0.053166405287078534
hero : 0.05025992982613421
sparks : 0.045447986391784455

Topic #2
killed : 0.12508974973606624
kid : 0.05666066118222981
teacher : 0.0482775439710565
nice : 0.04291793594611365
nev : 0.04120372931413187

Topic #3
shot : 0.06700283922464467
friend : 0.0442378739015334
gun : 0.04106972511733423
12yearold : 0.03302809049266737
student : 0.02990293159535813

Topic #4
2 : 0.07753697264943099
shooter : 0.06390032486960143
dead : 0.05803216558589112
parents : 0.027658427356184224
injured : 0.027270159342374055

Topic #5
teacher : 0.13129262231220948
students : 0.10310644635265216
student : 0.08498045337089913
police : 0.046765688801140515
911 : 0.025377018678558398

