Topic #1
school : 0.028482216271375628
dead : 0.02396915578964505
gun : 0.023511493479449773
marysvillepilchuck : 0.02284001123514152
2 : 0.022484719535845556

Topic #2
school : 0.1290624181169875
shooter : 0.03380400103472805
wash : 0.026011176337748236
state : 0.02201350184457844
seattle : 0.018307215676143965

Topic #3
victim : 0.1029671942520354
dies : 0.06969701614127648
fryberg : 0.03755454473495444
died : 0.03048717662845615
gunman : 0.027416681735977968

Topic #4
high : 0.13178126113138414
pilchuck : 0.04925746488373073
tragic : 0.03796003146206347
title : 0.03380091840116139
today : 0.03319374694142707

Topic #5
school : 0.13196743826092455
washington : 0.07525860167617913
marysvillepilchuck : 0.05339919254807598
students : 0.03906465776885371
victims : 0.03517976394102309

