Topic #1
game : 0.02584726819294833
3 : 0.024433489142358145
killed : 0.023304668170025168
#kentucky : 0.021810813437466714
kentuckys : 0.01907897854700935

Topic #2
sister : 0.06122535363391421
shoots : 0.047444735650792255
5yearold : 0.04670076081108102
boy : 0.0419129019259887
2yearold : 0.03864363269540226

Topic #3
police : 0.06495359505435695
lexington : 0.03096465336962655
man : 0.021397884426878674
like : 0.017835582095855233
fatal : 0.015950742377966686

Topic #4
free : 0.022626285274620753
percent : 0.020351007716521676
team : 0.0189044239932533
throw : 0.014747460095577548
points : 0.012106730817283447

Topic #5
1 : 0.027048348429556304
school : 0.026897264254078113
guard : 0.023777776818926472
suspect : 0.02149549012199125
death : 0.020065573259603998

