Topic #1
hero : 0.1317443505165944
true : 0.018648418050944953
lives : 0.018504241756511042
today : 0.015532968360555417
talking : 0.015102646725504355

Topic #2
school : 0.1496319123145297
911 : 0.0828569285657272
gunman : 0.06772482104944112
georgia : 0.0627211660938602
clerk : 0.044565422972689915

Topic #3
shooting : 0.10561467332794541
woman : 0.07668181339810148
school : 0.07192824720197036
meet : 0.06332210257512734
prevented : 0.06026953002078867

Topic #4
obama : 0.03718117875634819
god : 0.030854030269325563
thank : 0.03063470385809528
courage : 0.024104230294219674
called : 0.0225985350791084

Topic #5
gun : 0.03812822428190176
tuffs : 0.02845487109867984
woman : 0.02671978995652173
story : 0.02437336617005594
guy : 0.02321940249345745

