Topic #1
12yearold : 0.08475911932661129
gym : 0.07324277771196096
teacher : 0.07180507098407467
middle : 0.06447772185603055
return : 0.055365581961747595

Topic #2
students : 0.12336033527106105
shooter : 0.10787076577512014
nm : 0.08529808631667185
warned : 0.050171847607431506
attack : 0.028390824878187254

Topic #3
2 : 0.05123136215389243
opens : 0.04419075681118268
student : 0.03121628798840289
news : 0.030253629300512147
boy : 0.025188434644748098

Topic #4
boy : 0.15328667685618683
12 : 0.09475217799383659
today : 0.062409888956949044
middle : 0.054939418385173286
maximum : 0.038921228598528236

Topic #5
police : 0.09175626159936724
roswell : 0.09021016527857526
suspect : 0.06495645868476292
gun : 0.04299252059890659
old : 0.040088810763001755

