Topic #1
sandy : 0.041820379290264116
hook : 0.040110445557627404
killed : 0.024156596559919568
new : 0.024081145878783662
elementary : 0.022237088292096054

Topic #2
families : 0.03465922421208317
school : 0.023433056305040903
video : 0.02170670156301071
victims : 0.018988282483032998
prayers : 0.01827643722563128

Topic #3
gun : 0.04868482522363853
school : 0.03496308373636397
kids : 0.016332154705505135
newtown : 0.015998928393454077
massacre : 0.015415618957493564

Topic #4
school : 0.054517898616766286
newtown : 0.04333094700745447
victims : 0.036818363543961195
nra : 0.01611146180538294
victim : 0.013891160822738868

Topic #5
victims : 0.0754868696395845
newtown : 0.066076502586918
school : 0.05886396554845614
rip : 0.0565323044331005
gets : 0.054915994260963476

