Topic #1
#appalachiantrail : 0.04247130310663234
hiker : 0.027031648468089153
long : 0.018418973972949507
@thetrek : 0.018245438356238514
complete : 0.01813377837282845
miles : 0.01580617665547495
thruhike : 0.01538440856954142

Topic #2
#hiking : 0.051407022173509204
#trail : 0.03210584475702978
#travel : 0.024664788852286287
new : 0.023320677001551788
va : 0.02283074479500403
sunrise : 0.022565432142071844
catawba : 0.022287544550170575

Topic #3
5 : 0.022231193782992643
80yearold : 0.021179714870899067
sisters : 0.01830622517470093
twin : 0.017725937693705954
mountain : 0.01744708318322495
guide : 0.014898344329886007
books : 0.013084076195428207

Topic #4
gear : 0.03162816994663694
list : 0.026685071810730283
things : 0.020070508125627638
#hike : 0.01853203620970422
know : 0.016107527063266024
thruhikers : 0.01534118802554719
1 : 0.013860140808635568

Topic #5
hike : 0.08439196645882764
day : 0.01845597484139254
appalachiantrail : 0.016912508198476266
days : 0.01604760679681021
update : 0.014579355028686427
meet : 0.011544521408463434
starting : 0.011460213005816471

Topic #6
#at2017 : 0.11625895421059908
@thetrekat : 0.09279681264921023
hiking : 0.07152026554637075
im : 0.025555723294475734
thruhiker : 0.016179911569467565
woman : 0.01535758712441827
mom : 0.013189868528646244

Topic #7
#tairp : 0.037140060833754505
#indigenous : 0.037140060833754505
@americanindian8 : 0.036238149568574046
mcafee : 0.024800131506752587
knob : 0.024800131506752587
trailva : 0.023900358921173037
destroy : 0.01517329757751154

