Topic #1
appalachian : 0.126717626975842
trail : 0.10657390436746296
the : 0.05315510612343505
#hiking : 0.016922593489260455
a : 0.016773676998610154

Topic #2
#appalachiantrail : 0.04079828202663457
@atconservancy : 0.01597775099652207
at : 0.0159057842658459
trumps : 0.011980265349557605
#at2017 : 0.01093890095558743

Topic #3
 : 0.11259569728956728
trail : 0.0884100229269108
appalachian : 0.06770218193254582
i : 0.05492846946119425
hiking : 0.030248561728511057

Topic #4
 : 0.03439696058608098
trail : 0.01803782340043334
new : 0.017068618517835296
appalachian : 0.01314629137863996
how : 0.012579816487738083

Topic #5
trail : 0.05294823942837465
hike : 0.050908470021548115
appalachian : 0.043646297100389045
what : 0.012187205571448081
today : 0.010882895764989027

