Topic #1
in : 0.05413301778815464
 : 0.04960759339739774
"rt : 0.034759569684070284
is : 0.03333640565642692
you : 0.03201066284172759

Topic #2
to : 0.042206242072675426
the : 0.027201730599289733
#appalachiantrail : 0.02539461814377032
our : 0.019010379209774407
on : 0.017220608082671788

Topic #3
a : 0.07761100815213899
the : 0.06772609804325086
for : 0.046100775778843396
i : 0.03778429783952395
to : 0.03227884451279056

Topic #4
the : 0.11207847122282699
of : 0.06310946638336976
to : 0.04185916554506522
and : 0.04020654842121756
from : 0.030029127701156552

Topic #5
appalachian : 0.15633085945888764
trail : 0.12418732928299225
on : 0.046325222850325046
the : 0.029597963627211187
- : 0.027934423027892594

