Topic #1
 : 0.14761161759084898
cdtc : 0.010353364660052374
the : 0.01028641947130077
cdt : 0.009182341865436178
protect : 0.007331649582380254

Topic #2
we : 0.0316990029103218
@jonathonstalls : 0.022391157812359265
@cdnst1 : 0.01563894331771909
 : 0.01360520186795374
just : 0.011580697089223515

Topic #3
trail : 0.09064302717633535
divide : 0.06505138657892483
continental : 0.0620551315917226
help : 0.05369058791172484
new : 0.03330446896911921

Topic #4
#cdt : 0.049936011556389014
thanks : 0.04535799676900197
@cdnst1 : 0.03466690427788207
great : 0.026762005389714606
cdt : 0.026408174447833055

Topic #5
#hikecdt : 0.039532757076882696
support : 0.022538878092238746
national : 0.020639111118432963
trails : 0.01646023469566409
day : 0.01588630741647597

