Topic #1
the : 0.08672357081728169
in : 0.056703712749120866
on : 0.04288045203897616
to : 0.03877189443438446
our : 0.0353735864481119

Topic #2
you : 0.0618612077405501
trail : 0.054770944920525
divide : 0.04473759599021202
continental : 0.04306295451351097
help : 0.0375943698945653

Topic #3
for : 0.07744392846131216
 : 0.06861190786881059
the : 0.06668407105985752
and : 0.05935465356026413
thanks : 0.03034024864383109

Topic #4
@cdnst1 : 0.03872085400967765
at : 0.027647873690721785
the : 0.02693022741244423
"rt : 0.021388594397786974
#bravethecdt : 0.01730112162172828

Topic #5
of : 0.04023915341345231
to : 0.039648244119842795
a : 0.0351307808158394
is : 0.024358350534797416
with : 0.018594718341053574

