Topic #1
help : 0.0739473104781334
#haiti : 0.06321505222167985
amp : 0.06237133326826665
safe : 0.05917636377583451
water : 0.04602137986087617

Topic #2
matthew : 0.16047794702107393
hurricane : 0.15032395761137374
florida : 0.03102458900660173
know : 0.017559447176695393
did : 0.015934220187535094

Topic #3
 : 0.13172324553861128
haiti : 0.06730911684308445
hurricane : 0.04702810207329957
matthew : 0.03641622866583826
people : 0.020081799319247275

Topic #4
hurricane : 0.08551134848883711
matthew : 0.06741224000149293
#hurricanmatthew : 0.019036880716257382
#rooferleads : 0.01901650745465942
#stormchasers : 0.019003518581825564

Topic #5
#hurricanematthew : 0.033732009507358066
https : 0.016141379843533414
affected : 0.011474809475848821
hurricane : 0.010179510768604346
matthew : 0.009844760305121013

