Topic #1
the : 0.12530693303298562
a : 0.06918736382638069
on : 0.041528553033855574
"rt : 0.035219239619884
you : 0.03369627345646733

Topic #2
crest : 0.09010204493521139
pacific : 0.08824518978070338
trail : 0.0706980159974601
i : 0.03191979953114527
hike : 0.025795622762798582

Topic #3
#pacificcresttrail : 0.04695216537241327
in : 0.044023069343108095
 : 0.02692524483200039
at : 0.02544416591239219
#pct : 0.017251056741447026

Topic #4
to : 0.11716848714747129
the : 0.10184704525816246
of : 0.07223352324113899
and : 0.061217421855633565
from : 0.04395623892369248

Topic #5
for : 0.051902068501655525
@pctassociation : 0.031594859525980803
this : 0.022221858373445934
our : 0.018218246125625878
we : 0.01631967787650015

